        ID       lat       lon   area_CaMa  area_Input       error        diff      ix      iy     cap_mcm  year  damname                         rivname
         4    56.987  -135.113      -999.0        72.8      -999.0      -999.0    -999    -999       115.9  1982                       GreenLake                    VodopadRiver
        10    55.379  -131.521      -999.0         8.8      -999.0      -999.0    -999    -999        46.9  1968                     UpperSilvis                BeaverFallsCreek
        11    55.362  -131.621      -999.0        20.9      -999.0      -999.0    -999    -999        17.0  1957                  KetchikanLakes                  KetchikanCreek
        14    54.196  -130.079      -999.0        51.3      -999.0      -999.0    -999    -999        40.7  1966                       DianaLake                           Diana
        32    49.437  -122.962      -999.0       127.7      -999.0      -999.0    -999    -999        25.3  1961                    SeymourFalls                         Seymour
        40    48.762  -122.421      -999.0       148.3      -999.0      -999.0    -999    -999        95.0  1937                  WhatcomLakeDam                    WhatcomCreek
       194    38.146  -122.779      -999.0        40.8      -999.0      -999.0    -999    -999        13.2  1979                       Soulajule                    ArroyoSausal
       208    37.762  -122.096      -999.0        77.5      -999.0      -999.0    -999    -999        51.8  1977                   NewSanLeandro                 SanLeandroCreek
       209    37.729  -122.121      -999.0       108.1      -999.0      -999.0    -999    -999        12.7  1892                          Chabot                 SanLeandroCreek
       232    35.446  -120.887      -999.0        52.9      -999.0      -999.0    -999    -999        50.2  1960                       WhaleRock                        OldCreek
       240     0.000     0.000      -999.0         0.0      -999.0      -999.0    -999    -999       168.0  1996                           Dike9                          NoName
       671    32.612  -116.929      -999.0       255.6      -999.0      -999.0    -999    -999        61.1  1919                          Savage                       OtayRiver
       702     0.000     0.000      -999.0         0.0      -999.0      -999.0    -999    -999      4463.0  1976               MissiFallsControl                       Churchill
       748     0.000     0.000      -999.0         0.0      -999.0      -999.0    -999    -999        12.3  1961                      WilsonLake                     WilsonCreek
      1304    29.779   -94.812      -999.0        23.4      -999.0      -999.0    -999    -999        37.0  1972   CedarBayouGeneratingPondLevee                      CedarBayou
      1500     0.000     0.000      -999.0         0.0      -999.0      -999.0    -999    -999       101.5  1973                       Ludington                    LakeMichigan
      1632     0.000     0.000      -999.0         0.0      -999.0      -999.0    -999    -999        26.9  1984  BaileyMineSlurryImpoundmentDam                       TalleyRun
      1633    39.954   -75.396      -999.0        55.5      -999.0      -999.0    -999    -999        16.8  1931                    GeistStorage                       CrumCreek
      1680     0.000     0.000      -999.0         0.0      -999.0      -999.0    -999    -999        12.6   -99      MeigsMineSlurryImpoundment                  Trib.ParkerRun
      1702    38.521   -77.462      -999.0        28.8      -999.0      -999.0    -999    -999        11.8  1957                        LungaDam                    BeaverdamRun
      1738    37.354   -76.837      -999.0        11.8      -999.0      -999.0    -999    -999        39.6  1980                  LittleCreekDam                     LittleCreek
      2033    46.571   -60.496      -999.0        62.6      -999.0      -999.0    -999    -999        22.1  1977                       WreckCove                       WreckCove
      2099    44.521   -68.996      -999.0        27.2      -999.0      -999.0    -999    -999        27.5   -99                    ToddyPondDam                 Trib.Alamoosook
      2122    44.062   -69.529      -999.0       156.6      -999.0      -999.0    -999    -999       175.8  1920           DamariscottaIntakeDam               DamariscottaRiver
      2176     0.000     0.000      -999.0         0.0      -999.0      -999.0    -999    -999        21.0  1972       NorthfieldMountainMainDam     NorthfieldMountainReservoir
      2216    41.346   -72.771      -999.0        21.6      -999.0      -999.0    -999    -999        66.0  1929                    LakeGaillard                   BranfordRiver
      2221    41.254   -73.262      -999.0        33.0      -999.0      -999.0    -999    -999        44.4  1926                 EastonReservoir                       MillRiver
      2252    18.396   -66.921      -999.0        93.1      -999.0      -999.0    -999    -999        57.5  1928                       Guajataca                       Guajataca
      2257    18.104   -66.487      -999.0        57.6      -999.0      -999.0    -999    -999        67.7  1972                      ToaVacaDam                         ToaVaca
      2259    18.021   -66.021      -999.0        67.2      -999.0      -999.0    -999    -999        17.0  1914                        Patillas             RioGrandedePatillas
      2260    14.587   -60.937      -999.0         6.1      -999.0      -999.0    -999    -999        14.6  1978              SaintPierrelaManzo                          Manche
      2589    56.079    -5.346      -999.0         8.0      -999.0      -999.0    -999    -999        21.2  1961                         Glashan                     GlashanBurn
      2591    56.004    -5.096      -999.0        11.3      -999.0      -999.0    -999    -999        13.0  1953                          Tarsan                  GlenTarsanBurn
      2608    54.129    -6.004      -999.0        22.7      -999.0      -999.0    -999    -999        13.5  1933                    SilentValley                         Kilkeel
      2641    50.187    -5.196      -999.0         9.1      -999.0      -999.0    -999    -999         5.4  1965                       Stithians                          Kennal
      2691    42.346    -8.487      -999.0       142.0      -999.0      -999.0    -999    -999        22.2  1977                           Eiras                         Oitaven
      2819     0.000     0.000      -999.0         0.0      -999.0      -999.0    -999    -999        20.0  1988                         LaMuela                  OffstreamJucar
      2842    38.537    -0.262      -999.0       203.8      -999.0      -999.0    -999    -999        15.8  1957                        Amadorio                        Amadorio
      2877    37.904    -8.762      -999.0        27.1      -999.0      -999.0    -999    -999        32.5  1980                        Morgavel                        Morgavel
      2907    37.204    -8.696      -999.0        76.4      -999.0      -999.0    -999    -999        34.8  1958                         Bravura                        Odeaxere
      2928    35.687    -5.379      -999.0        68.4      -999.0      -999.0    -999    -999         2.3  1991                           Sghir                           Sghir
      3038     8.362   -13.204      -999.0         8.2      -999.0      -999.0    -999    -999       220.0  1966                            Guma                            Guma
      3082    62.529     8.479      -999.0       186.7      -999.0      -999.0    -999    -999       140.6  1958                      Osbudammen                   Littledalselv
      3095    60.979     5.713      -999.0        11.1      -999.0      -999.0    -999    -999        83.0  1965                       Krokevatn                      Brydalselv
      3098    60.954     5.688      -999.0        38.0      -999.0      -999.0    -999    -999        33.7  1963                    Stordalsvatn                      Brydalselv
      3102    60.896     5.846      -999.0        14.4      -999.0      -999.0    -999    -999        31.2  1984             SkjerjevatnHoveddam             Haugsdalsvassdraget
      3105    60.854     5.646      -999.0        97.4      -999.0      -999.0    -999    -999        21.9  1957                     Godbotsvatn                    Haugsdalselv
      3114    60.446     6.354      -999.0        41.2      -999.0      -999.0    -999    -999        89.0  1937           BjolsegrovatnHoveddam                          Bjolve
      3160    59.371     6.746      -999.0        83.3      -999.0      -999.0    -999    -999       775.0  1986                 Forrevassdammen                        Forreana
      3172    58.996     6.479      -999.0        13.4      -999.0      -999.0    -999    -999        55.0  2000                   FlorlivatnDam                      Florlielva
      3183    58.721     6.088      -999.0        15.7      -999.0      -999.0    -999    -999        60.0  1971                       Stolsvatn                     Austerboelv
      3189    51.979     1.146      -999.0        22.3      -999.0      -999.0    -999    -999         9.1  1976                      AltonWater                  HolbrockStream
      3193    51.837     0.888      -999.0        36.6      -999.0      -999.0    -999    -999        25.7  1938                        Abberton                      LayerBrook
      3482    42.296     9.488      -999.0        56.7      -999.0      -999.0    -999    -999        11.5  1970                         Alesani                         Alesani
      3536    37.629    13.063      -999.0       135.3      -999.0      -999.0    -999    -999        32.8  1951                         Arancio                          Carboi
      3540    37.187    14.288      -999.0       235.8      -999.0      -999.0    -999    -999        14.0  1996                         Disueri                            Gela
      3548    36.829    10.988      -999.0        23.4      -999.0      -999.0    -999    -999         1.1  1964                      AbdelMonem                      AbdelMonem
      3552    36.737    10.921      -999.0       197.2      -999.0      -999.0    -999    -999        30.0  1986                           Lebna                           Lebna
      3563    36.537     2.304      -999.0       158.2      -999.0      -999.0    -999    -999        97.0  1992                     Boukourdane                     Boukourdane
      3947    42.712    27.521      -999.0        74.0      -999.0      -999.0    -999    -999        12.7  1969                          Aheloy                          Aheloy
      3996    41.112    29.571      -999.0       205.7      -999.0      -999.0    -999    -999       113.0  1989                          Darlik                          Darlik
      4025    39.096    16.521      -999.0        30.4      -999.0      -999.0    -999    -999        40.3  1976                        Passante                        Passante
      4040    35.037    25.696      -999.0        26.3      -999.0      -999.0    -999    -999        15.0  1986                       Bramianos                       Bramianos
      4210     0.000     0.000      -999.0         0.0      -999.0      -999.0    -999    -999         3.7   -99                           Wilgw                        Platberg
      4294     0.000     0.000      -999.0         0.0      -999.0      -999.0    -999    -999         1.2  1918                       Umziniana                        Mziniana
      4329   -33.963    22.513      -999.0        37.8      -999.0      -999.0    -999    -999         8.1  1980                       Tuinroete                           Swart
      4337   -34.096    22.004      -999.0        96.9      -999.0      -999.0    -999    -999         7.0  1981                   Hartebeeskuil                       Hartenbos
      4339   -34.171    18.904      -999.0        28.2      -999.0      -999.0    -999    -999        52.7  1980                  UpperSteenbras                       Steenbras
      4341   -34.188    18.854      -999.0        66.7      -999.0      -999.0    -999    -999        36.1  1980                       Steenbras                       Steenbras
      4466    34.746    33.088      -999.0       158.8      -999.0      -999.0    -999    -999        13.6  1968                      Yermasoyia                      Yermasoyia
      5165    13.212   100.979      -999.0        80.8      -999.0      -999.0    -999    -999       110.0  1975                        BangPhra                          NoName
      5177     1.404   103.671      -999.0         3.9      -999.0      -999.0    -999    -999        16.8  1981                           Murai                           Murai
      5178     1.404   103.804      -999.0        10.7      -999.0      -999.0    -999    -999        27.6  1968                         Seletar                         Seletar
      5179     1.371   103.812      -999.0         9.5      -999.0      -999.0    -999    -999        30.5  1975                     UpperPeirce                         Kaltang
      5266    34.937   118.963      -999.0       364.2      -999.0      -999.0    -999    -999       300.0  1959                      Xiaotashan                   Trib.XinshuHe
      5667    25.612   119.238      -999.0        44.7      -999.0      -999.0    -999    -999        38.9  1974                         Jianxin                       Wanjiaoxi
      5712    24.254   117.879      -999.0        64.0      -999.0      -999.0    -999    -999        52.0  1977                         Yangmei                       DengfanHe
      5719    23.971   117.563      -999.0        41.3      -999.0      -999.0    -999    -999        33.5  1976                         Zumalin                         Xugouxi
      5781    21.579   111.171      -999.0        30.5      -999.0      -999.0    -999    -999         1.4  1975                         Renshui                    LuoguangShui
      5783    23.329   116.538      -999.0        45.8      -999.0      -999.0    -999    -999        17.0  1958                            Hexi                       RongJiang
      5895    40.821   122.013      -999.0        28.1      -999.0      -999.0    -999    -999        10.0  1958                        Rongxing                   Trib.DaliaoHe
      5904    40.371   128.546      -999.0        38.0      -999.0      -999.0    -999    -999         3.5  1962                           Munam                      Namdaechon
      5918    39.171   125.479      -999.0        10.0      -999.0      -999.0    -999    -999        40.4  1976                        Pyongwon                         Hanchon
      5933    38.271   128.488      -999.0        26.0      -999.0      -999.0    -999    -999         0.6  1977                           Munam                          Chonan
      5967    36.379   126.629      -999.0        69.9      -999.0      -999.0    -999    -999        20.8  1988                       Chongchon                         Daechon
      5995    35.187   134.821      -999.0        48.3      -999.0      -999.0    -999    -999        18.0  1972                           Ikuno                        Ichikawa
      6002    35.029   127.713      -999.0        48.7      -999.0      -999.0    -999    -999        28.1  1978                             Suo                             Suo
      6008     0.000     0.000      -999.0         0.0      -999.0      -999.0    -999    -999         1.5  1953                     Kunikaneike                    Kunikanegawa
      6013    34.796   134.854      -999.0         1.7      -999.0      -999.0    -999    -999         9.4  1966                    Heisodaiichi                        Kakogawa
      6017    34.646   126.279      -999.0         1.9      -999.0      -999.0    -999    -999         3.6  1962                           Sansu                           Haemi
      6021    34.579   126.846      -999.0        12.4      -999.0      -999.0    -999    -999         0.9  1985                         Samjung                    Trib.Samjung
      6024    34.562   133.538      -999.0         7.1      -999.0      -999.0    -999    -999         1.0  1965                        Osakaike                       Osakagawa
      6029     0.000     0.000      -999.0         0.0      -999.0      -999.0    -999    -999         0.6  1944                   Namitakijiike                      Kurosegawa
      6031    34.429   132.329      -999.0        39.8      -999.0      -999.0    -999    -999         8.5  1981                          Uokiri                      Yahatagawa
      6032    34.421   133.163      -999.0         2.2      -999.0      -999.0    -999    -999         0.7  1924                      Hisayamada                    Kuribaragawa
      6038    34.304   132.563      -999.0        31.2      -999.0      -999.0    -999    -999         2.0  1917                           Honjo                        Nikogawa
      6042    34.237   133.879      -999.0         5.4      -999.0      -999.0    -999    -999         1.5  1663                           Niike                 Nakadaisokugawa
      6043    34.237   134.179      -999.0        13.5      -999.0      -999.0    -999    -999         0.8  1662                     Ishigamiike                       Nagaogawa
      6046    34.229   131.496      -999.0         7.5      -999.0      -999.0    -999    -999         5.2  1987                         Aratani                     Fushinogawa
      6048    34.221   134.296      -999.0         2.9      -999.0      -999.0    -999    -999         1.0  1966                           Ouchi                Tameshimatsugawa
      6051    34.171   133.904      -999.0        87.9      -999.0      -999.0    -999    -999         1.0  1633                    Kamekoshiike                       Otanigawa
      6052    34.162   133.771      -999.0         3.3      -999.0      -999.0    -999    -999         1.0  1592                        Iwaseike                      Takasegawa
      6053    34.162   133.871      -999.0        13.7      -999.0      -999.0    -999    -999        15.4  1961                        Mannoike                    Kanakuragawa
      6054    34.162   134.071      -999.0        28.2      -999.0      -999.0    -999    -999         8.2  1952                           Naiba                       Naibagawa
      6059    34.112   131.796      -999.0        13.7      -999.0      -999.0    -999    -999        13.7  1979                        Kawakami                       Tondagawa
      6060    34.104   130.954      -999.0         3.7      -999.0      -999.0    -999    -999         1.3  1989                           Utsui                      Yamasegawa
      6064    34.079   130.946      -999.0         1.7      -999.0      -999.0    -999    -999         0.9  1928                      Utsuidaini                     Ayaragigawa
      6065    34.062   130.954      -999.0         5.8      -999.0      -999.0    -999    -999         1.0  1906                    Utsuidaiichi                     Ayaragigawa
      6066    34.062   131.271      -999.0         0.9      -999.0      -999.0    -999    -999         4.5  1978                     Ubemaruyama                     Yakushigawa
      6067    34.054   131.871      -999.0        45.0      -999.0      -999.0    -999    -999        19.6  1991                     Suetakegawa                     Suetakegawa
      6068    34.012   131.304      -999.0         2.3      -999.0      -999.0    -999    -999         1.0  1963                       Mannenike                          NoName
      6069    33.996   132.929      -999.0        38.6      -999.0      -999.0    -999    -999         9.9  1970                        Tamagawa                       Soshagawa
      6073    33.904   130.738      -999.0         1.5      -999.0      -999.0    -999    -999         5.0  1968                    Tondadaiichi                          NoName
      6076     0.000     0.000      -999.0         0.0      -999.0      -999.0    -999    -999         0.9  1983                         Yoshida                     Yoshidagawa
      6077    33.829   130.529      -999.0         1.0      -999.0      -999.0    -999    -999         1.2  1983                            Tare                       Tsurikawa
      6080    33.796   130.521      -999.0         4.4      -999.0      -999.0    -999    -999         1.3  1969                              Oi                       Tsurikawa
      6095    33.554   130.896      -999.0        32.8      -999.0      -999.0    -999    -999        18.2  1971                         Aburagi                         Imagawa
      6098    33.487   131.604      -999.0        15.4      -999.0      -999.0    -999    -999         2.6  1971                             Aki                         Akigawa
      6102    33.437   130.396      -999.0         5.0      -999.0      -999.0    -999    -999         4.5  1976                          Suburi                        Nakagawa
      6103    33.437   131.446      -999.0         0.7      -999.0      -999.0    -999    -999         4.9  1969                         Hisashi                    Yamakuragawa
      6105    33.437   130.429      -999.0        26.4      -999.0      -999.0    -999    -999         6.0  1985                      Minamihata                        Nakagawa
      6112    33.196   130.088      -999.0         3.3      -999.0      -999.0    -999    -999         0.6  1996                         Nagaike                        Zodogawa
      6117     0.000     0.000      -999.0         0.0      -999.0      -999.0    -999    -999         1.1  1661                   Nodaketameike                          NoName
      6120    32.887   129.713      -999.0        17.4      -999.0      -999.0    -999    -999         6.8  1969                         Konoura                     Konouragawa
      6123    32.821   130.054      -999.0         4.7      -999.0      -999.0    -999    -999         2.2  1974                         Ogakura                     Ogakuragawa
      6124    32.796   129.871      -999.0         7.1      -999.0      -999.0    -999    -999         1.9  2001                         Urakami                        Oidegawa
      6125    32.796   131.613      -999.0       179.9      -999.0      -999.0    -999    -999        41.0  1962                        Kitagawa                        Kitagawa
      6126    32.746   130.246      -999.0         1.1      -999.0      -999.0    -999    -999         1.9  1968                          Bessho                     Chijiwagawa
      6130    32.462   130.371      -999.0        11.9      -999.0      -999.0    -999    -999         1.4  1975                         Kyoragi                   Iwaiguchigawa
      6134    32.354   131.346      -999.0        80.3      -999.0      -999.0    -999    -999        33.9  1955                          Dokawa                          Dokawa
      6147    30.771   131.029      -999.0         1.8      -999.0      -999.0    -999    -999         2.3  1984                          Saikyo                    Matanobugawa
      6174    28.121   120.863      -999.0        40.5      -999.0      -999.0    -999    -999        25.2  1960                       Zhongqian                        Baishixi
      6175    28.112   120.854      -999.0        49.7      -999.0      -999.0    -999    -999        13.5  1958                          Baishi                        Baishixi
      6180    26.487   127.954      -999.0         6.8      -999.0      -999.0    -999    -999         8.2  1993                           Kanna                 Kannafukujigawa
      6181    26.471   127.929      -999.0        13.9      -999.0      -999.0    -999    -999         7.6  2001                         Okukubi                     Okukubigawa
      6182    26.387   127.804      -999.0         6.2      -999.0      -999.0    -999    -999         7.1  1995                       Kurashiki                    Yonabarugawa
      6185    24.429   124.221      -999.0         4.7      -999.0      -999.0    -999    -999        13.0  1992                        Sokobaru                    Sokobarugawa
      6186    24.421   124.204      -999.0         5.1      -999.0      -999.0    -999    -999         2.3  1982                         Maezato                      Miyaragawa
      6187    24.404   124.179      -999.0         3.3      -999.0      -999.0    -999    -999         4.0  1996                          Nagura                      Naguragawa
      6203    44.404   141.854      -999.0        21.4      -999.0      -999.0    -999    -999         2.4  1971                          Ariake                Mochikubetsugawa
      6204    44.346   141.929      -999.0        15.9      -999.0      -999.0    -999    -999         3.3  1966                          Haboro                  Sankebetsugawa
      6267    42.421   141.079      -999.0        72.3      -999.0      -999.0    -999    -999        10.0  1967                       Horobetsu                   Horobetsugawa
      6270    42.187   142.963      -999.0        55.2      -999.0      -999.0    -999    -999         6.2  1974                          Samani                      Samanigawa
      6272    42.104   140.129      -999.0        22.5      -999.0      -999.0    -999    -999         0.8  1930                       Ainumanai                   Ainumanaigawa
      6273    42.062   140.504      -999.0        51.3      -999.0      -999.0    -999    -999         3.3  1985                      Komagatake                   Shimazakigawa
      6274    41.871   140.596      -999.0        56.4      -999.0      -999.0    -999    -999         3.6  1990                         Kamiiso                   Hekirichigawa
      6276    40.904   140.988      -999.0         1.0      -999.0      -999.0    -999    -999         0.9  1942                 Tanosawatameike                     Shimizugawa
      6280    40.762   140.338      -999.0        21.8      -999.0      -999.0    -999    -999         1.8  1967                    Shinkodoroku                      Yamadagawa
      6289     0.000     0.000      -999.0         0.0      -999.0      -999.0    -999    -999         1.5  1945                        Shakaike                      Midaregawa
      6298    39.779   140.154      -999.0         3.3      -999.0      -999.0    -999    -999         1.7  1937                Otakisawatameike                       Michigawa
      6324    38.596   139.671      -999.0        31.8      -999.0      -999.0    -999    -999         5.7  1986                      Atsumigawa                      Atsumigawa
      6330    38.362   140.738      -999.0        20.9      -999.0      -999.0    -999    -999         9.2  1984                        Nanakita                    Nanakitagawa
      6343    38.029   139.563      -999.0        71.7      -999.0      -999.0    -999    -999        22.8  1980                           Oishi                       Oishigawa
      6345    37.962   139.529      -999.0        72.7      -999.0      -999.0    -999    -999        17.1  1979                      Tainaigawa                      Tainaigawa
      6353    37.596   140.904      -999.0        44.1      -999.0      -999.0    -999    -999        13.7  1983                        Yokokawa                         Otagawa
      6360    37.379   140.946      -999.0        12.7      -999.0      -999.0    -999    -999         2.8  1973                       Sakashita                     Okawaragawa
      6373    37.146   138.179      -999.0         6.8      -999.0      -999.0    -999    -999         4.7  1984                        Shozenji                    Shozenjigawa
      6378    36.979   136.963      -999.0         1.8      -999.0      -999.0    -999    -999         1.3  1973                            Tane                   Kumabuchigawa
      6390     0.000     0.000      -999.0         0.0      -999.0      -999.0    -999    -999         7.1  1988                        Kuriyama                    Nebesawagawa
      6403    36.679   137.421      -999.0        45.8      -999.0      -999.0    -999    -999         4.8  1964                    Kamiichigawa                    Kamiichigawa
      6404    36.671   137.438      -999.0        40.3      -999.0      -999.0    -999    -999         7.8  1985               Kamiichigawadaini                    Kamiichigawa
      6405     0.000     0.000      -999.0         0.0      -999.0      -999.0    -999    -999         3.5  1984                          Furudo                        Kajikawa
      6412     0.000     0.000      -999.0         0.0      -999.0      -999.0    -999    -999         1.5  1958                     Sakuragaike                          Oigawa
      6419    36.471   136.671      -999.0        34.9      -999.0      -999.0    -999    -999         9.5  1974                        Uchikawa                        Uchikawa
      6422    36.429   136.746      -999.0        56.7      -999.0      -999.0    -999    -999        14.3  1965                         Saigawa                         Saigawa
      6423     0.000     0.000      -999.0         0.0      -999.0      -999.0    -999    -999         2.0  1985                        Kozogawa                        Kozogawa
      6479     0.000     0.000      -999.0         0.0      -999.0      -999.0    -999    -999         1.5  1936                 Maruyamatameike                       Obinagawa
      6484     0.000     0.000      -999.0         0.0      -999.0      -999.0    -999    -999         1.0  1959                         Fukuoka                    Tsukechigawa
      6504     0.000     0.000      -999.0         0.0      -999.0      -999.0    -999    -999         3.9  1972                            Kori                        Korigawa
      6511    35.221   136.479      -999.0         4.2      -999.0      -999.0    -999    -999        16.4  1976                        Nakazato                       Ohiragawa
      6518    35.121   139.896      -999.0         6.8      -999.0      -999.0    -999    -999         1.3  1990                          Sakuma                     Okuzuregawa
      6519    35.112   137.079      -999.0         3.8      -999.0      -999.0    -999    -999         9.0  1961                   Togochoseichi                         Maekawa
      6522     0.000     0.000      -999.0         0.0      -999.0      -999.0    -999    -999         2.2  1958                      Miyoshiike                          NoName
      6532    34.971   136.888      -999.0         2.9      -999.0      -999.0    -999    -999         5.3  1965                           Souri                     Shinanogawa
      6534    34.937   139.071      -999.0        12.1      -999.0      -999.0    -999    -999         5.1  1989                           Okuno                        Itookawa
      6537    34.912   136.854      -999.0         2.7      -999.0      -999.0    -999    -999         1.0  1990                         Maeyama                     Maeyamakawa
      6540     0.000     0.000      -999.0         0.0      -999.0      -999.0    -999    -999         7.2  1970                       Kisenyama                    Samutanigawa
      6546    34.862   137.329      -999.0         0.7      -999.0      -999.0    -999    -999         0.8  1968                         Komanba                        Toyokawa
      6548    34.804   136.379      -999.0        27.9      -999.0      -999.0    -999    -999        10.5  1990                             Ano                         Anogawa
      6557     0.000     0.000      -999.0         0.0      -999.0      -999.0    -999    -999         1.7  1966                     Hattachiike                        Toyokawa
      6558    34.587   136.429      -999.0         3.2      -999.0      -999.0    -999    -999         1.3  1973                        Nameriko                    Nakamuragawa
      6561    34.504   135.454      -999.0         3.1      -999.0      -999.0    -999    -999         1.2  1940                          Onoike                       Makiogawa
      6563    34.462   135.479      -999.0         1.1      -999.0      -999.0    -999    -999         3.7  1936                        Komyoike                       Makiogawa
      6568    34.329   135.313      -999.0         6.1      -999.0      -999.0    -999    -999         2.8  1969                          Horigo                      Horigogawa
      6581   -18.954   146.146      -999.0         8.8      -999.0      -999.0    -999    -999        12.3  1959                          Paluma                      SwampCreek
      6614   -35.079   138.563      -999.0        19.4      -999.0      -999.0    -999    -999        14.4  1896                     HappyValley                     Onkaparinga
      6677   -41.096   146.954      -999.0        16.9      -999.0      -999.0    -999    -999        12.0  1979                         Curries                         Curries
      6696   -42.554   147.404      -999.0       285.1      -999.0      -999.0    -999    -999        12.5  1986                     Craigbourne                            Coal
      6711   -26.779   153.004      -999.0        21.1      -999.0      -999.0    -999    -999        16.7  1982                     EwenMaddock                 AddlingtonCreek
      6722   -27.529   153.179      -999.0        89.0      -999.0      -999.0    -999    -999        25.0  1984                  LeslieHarrison                   TingalpaCreek
      6754   -35.271   173.888      -999.0         4.6      -999.0      -999.0    -999    -999         5.9  1982                        Waingaro                   Naiwhakangoro
      6755   -35.704   174.288      -999.0         7.6      -999.0      -999.0    -999    -999         2.0  1969                      WhauValley                       Waiarohia
      6756   -36.904   174.529      -999.0         7.1      -999.0      -999.0    -999    -999         1.9  1928                       Waitakere                       Waitekere
      6757   -36.929   174.563      -999.0         1.3      -999.0      -999.0    -999    -999         0.3  1921            NihotupuAuxiliaryDam                        Nihotupu
      6758   -36.946   174.563      -999.0         9.4      -999.0      -999.0    -999    -999         2.4  1923                   UpperNihotupu                        Nihotupu
      6759   -36.963   174.613      -999.0        22.2      -999.0      -999.0    -999    -999         4.8  1948                   LowerNihotupu                        Nihotupu
      6760   -36.963   174.538      -999.0         8.4      -999.0      -999.0    -999    -999         2.4  1928                       UpperHuia                      HuiaStream
      6761   -36.988   174.571      -999.0        22.0      -999.0      -999.0    -999    -999         6.7  1971                       LowerHuia                      HuiaStream
      6784   -39.121   174.129      -999.0         8.2      -999.0      -999.0    -999    -999         1.4  1931                      Mangamahoe                      Mangamahoe
      6793   -41.288   174.754      -999.0         2.8      -999.0      -999.0    -999    -999         0.1  1872                     LowerKarori                   Kaiwharawhara
      6794   -41.304   174.738      -999.0         0.9      -999.0      -999.0    -999    -999         0.2  1908                     UpperKarori                   Kaiwharawhara
      6820    51.929     4.079      -999.0         4.2      -999.0      -999.0    -999    -999        47.0  1967                      BrielseGat                 OostvoornseMeer
      6823    51.621     3.971      -999.0        33.3      -999.0      -999.0    -999    -999      2780.0  1986             OosterScheldekering                   Oosterschelde
      6824    51.546     3.813      -999.0        87.2      -999.0      -999.0    -999    -999       107.0  1961                       Veersedam                      VeerseMeer
